WhatsApp Icon SVG Code:

<?xml version="1.0" encoding="UTF-8"?>
<svg xmlns="http://www.w3.org/2000/svg" viewBox="0 0 512 512" width="512" height="512">
<path d="M244.54 0.08C255.14 0.08 265.74 0.08 276.34 0.08C278.95 1.45 295.05 2.13 299.47 2.82C315.43 5.32 331.93 9.27 347.09 15.05C395.96 33.69 440.27 66.61 469.23 110.8C473.6 117.47 478.41 124.08 481.99 131.24C492.63 152.53 502.08 174.67 506.77 198.11C508.38 206.15 509.32 214.27 510.58 222.35C511.16 226.05 510.19 230.96 511.92 234.26C511.92 244.54 511.92 254.83 511.92 265.12C510.52 267.79 511.51 270.82 511.05 273.75C509.89 281.19 509.13 288.72 507.7 296.12C503.93 315.72 497.83 336.02 489 354.1C481.29 369.89 472.14 385.03 461.72 399.3C456.15 406.93 449.14 413.2 443.27 420.59C438.7 426.33 431.42 433.55 425.48 437.87C420.49 441.52 416 445.9 410.99 449.56C402.09 456.06 392.6 461.33 383.25 467.19C371.97 474.26 355.28 482.01 342.41 485.73C328.6 489.72 315.08 493.86 300.87 496.09C292.89 497.34 284.88 497.69 276.81 498.57C273.92 498.57 271.04 498.57 268.16 498.57C268.09 498.71 268.02 498.85 267.95 499C262.96 499 257.97 499 252.97 499C252.89 498.84 252.81 498.68 252.73 498.51C249.84 498.53 246.96 498.55 244.08 498.57C234.16 497.47 224.26 496.96 214.47 495.08C201.39 492.56 188.9 488.48 176.13 484.79C168.15 482.49 159.64 478.65 152.28 474.97C150.06 473.86 143.62 469.64 141.44 469.63C136.57 469.59 124.39 475.49 118.91 476.84C104.43 480.42 90.41 485.97 76.07 490.11C70.23 491.8 64.49 494.56 58.59 496.01C46.13 499.09 34 504.14 21.65 507.7C19.13 508.43 10.72 510.19 9.35 511.92C7.64 511.92 5.92 511.92 4.21 511.92C4.13 511.64 4.05 511.35 3.97 511.06C2.23 510.69 1.21 509.51 0.7 507.79C0.49 507.79 0.29 507.79 0.08 507.79C0.08 506.08 0.08 504.36 0.08 502.65C1.94 501.17 4.44 491.21 5.23 488.47C8.59 476.82 13.56 465.52 16.92 453.87C22.45 434.7 30.57 416.42 36.09 397.3C37.47 392.52 43.5 379.72 43.31 375.7C43.18 372.98 37.52 365.38 36.09 362.52C31.32 352.99 25.99 342.48 23 332.13C19.96 321.59 16.27 311.1 14.12 300.33C11.3 286.24 10.02 272.1 9.29 257.64C9.29 252.34 9.29 247.04 9.29 241.74C10.45 218.95 13.88 197.53 20.19 175.66C34.28 126.84 69.35 79.27 110.36 49.34C124.92 38.72 140.71 30 156.96 22.06C174.42 13.54 194.89 7.34 213.93 4.22C221.24 3.03 228.6 2.1 235.91 0.95C238.84 0.49 241.87 1.48 244.54 0.08ZM252.93 446.93C254.25 447.92 266.72 447.88 267.99 446.91C274.33 447.44 281.16 446.12 287.34 445.15C309.76 441.64 330.77 435.72 351.17 425.28C430.5 384.68 473.3 297.26 455.8 209.8C450.4 182.79 438.3 156.52 422.01 134.18C410.26 118.09 396.29 103.64 380.16 91.86C363.35 79.6 340.17 65.86 319.97 60.87C310.44 58.52 301.19 55.77 291.52 54.25C286.28 53.43 280.9 53.64 275.65 52.82C268.4 51.69 259.23 50.75 251.81 51.92C244.54 53.05 237.1 53.12 229.83 54.25C221.15 55.61 212.77 58.16 204.19 59.94C201.23 60.55 198.47 62.2 195.59 63.04C184.74 66.17 173.4 71.07 163.81 77.08C158.72 80.27 153.13 82.79 148.24 86.28C120.51 106.09 97.22 131.49 81.91 162.1C72.6 180.73 66.35 201.37 63.14 221.88C61.94 229.56 61.96 237.5 61.25 245.25C60.68 251.6 61.2 258.71 62.17 264.9C63.41 272.81 63.51 280.78 65.08 288.64C68.06 303.55 73.73 317.4 79.25 331.51C82.72 340.37 88.14 348.88 93.3 356.75C95.66 360.35 99.86 364.39 100.52 368.7C101.1 372.55 97.06 379.85 95.94 383.74C92.74 394.82 88.21 405.68 85.01 416.76C83.73 421.2 78.7 430.29 79.25 434.38C83.87 434.07 88.48 431.54 92.9 430.26C105.26 426.69 117.24 421.93 129.67 418.86C134.58 417.65 143.11 412.75 147.97 413.36C151.44 413.79 155.01 417.08 157.88 418.88C164.55 423.06 171.81 427.09 179.08 429.94C195.8 436.48 212.83 442.31 230.77 445.12C234.62 445.72 238.57 445.48 242.43 446.09C245.94 446.64 249.28 447.17 252.93 446.93ZM209.94 230.75C210 236.52 220.69 246.31 224.19 251.11C235.65 266.81 257.84 285.57 275.08 294.2C280.42 296.87 287.3 301.99 293.41 302.06C298.83 296.64 304.3 290 308.82 283.81C312.39 278.92 315.6 272.82 322.02 271.28C332.04 268.89 345.75 279.07 354.89 282.65C363.03 285.84 370.79 290.14 378.58 294.03C382.35 295.92 387.05 297.72 389.42 301.43C393.52 307.83 391.42 317.06 390.05 323.89C388.72 330.52 387.27 337.44 383.17 343.19C373.99 356.03 356.59 366.48 341.08 368.91C319.14 372.34 296.2 365.01 276.02 357.32C227.91 338.97 195.78 310.04 165.74 268.87C153.13 251.59 140.42 233.32 136.15 211.96C135.57 209.05 135.57 206.11 135.12 203.18C134.43 198.81 133.98 193.15 134.68 188.68C135.8 181.51 136.94 174.72 138.96 167.72C142.09 156.86 150.82 144.01 161.17 138.96C167.26 135.99 174.5 134.8 181.17 133.71C186.98 132.76 194.37 130.85 199.82 134.27C205.19 137.64 207.89 143.23 210.03 148.84C214.31 160.06 219.68 170.85 224.06 182.03C226.16 187.42 230.97 194.38 230.03 200.34C228.2 212.09 218.04 222.65 209.94 230.75Z" fill="#ffffff" fill-rule="evenodd" stroke="#ffffff" stroke-width="0.25" stroke-linejoin="round"/>
<path d="M9.29 241.74C9.29 247.04 9.29 252.34 9.29 257.64C8.03 256.43 8.03 242.95 9.29 241.74ZM252.93 446.93C257.95 446.93 262.97 446.92 267.99 446.91C266.72 447.88 254.25 447.92 252.93 446.93ZM244.08 498.57C246.96 498.55 249.84 498.53 252.73 498.51C252.81 498.68 252.89 498.84 252.97 499C250.09 499.13 247.2 499.25 244.31 499.37C244.23 499.1 244.15 498.84 244.08 498.57ZM276.81 498.57C276.73 498.84 276.65 499.1 276.57 499.37C273.7 499.25 270.83 499.12 267.95 499C268.02 498.85 268.09 498.71 268.16 498.57C271.04 498.57 273.92 498.57 276.81 498.57Z" fill="#dadada" fill-rule="evenodd" stroke="#dadada" stroke-width="0.25" stroke-linejoin="round"/>
</svg>


Schedule a Meeting Icon SVG Code: <?xml version="1.0" encoding="UTF-8"?>
<svg xmlns="http://www.w3.org/2000/svg" viewBox="0 0 512 512" width="512" height="512">
<path d="M96.79 0.08C100.53 0.08 104.27 0.08 108.01 0.08C108.89 1.19 114.23 2.16 116.12 3.35C122.92 7.61 127.27 14.37 127.71 22.44C127.75 32.03 127.79 41.61 127.82 51.2C213.27 51.2 298.73 51.2 384.18 51.2C384.21 41.46 384.25 31.72 384.28 21.98C384.73 14.13 389.32 7.46 395.88 3.35C397.77 2.16 403.11 1.19 403.99 0.08C407.73 0.08 411.47 0.08 415.21 0.08C416.09 1.19 421.43 2.16 423.32 3.35C428.05 6.31 432.25 10.77 433.83 16.22C436.08 24.04 435.32 32.73 435.32 40.91C435.32 43.47 434.37 49.02 435.84 50.9C444.71 51.05 453.57 51.2 462.44 51.35C472.94 52.12 483.24 61.31 485.73 71.39C487.83 79.9 486.28 92.25 486.28 101.23C486.28 121.34 486.28 141.44 486.28 161.55C486.28 170.59 486.28 179.63 486.28 188.67C486.28 191.48 487.32 196.96 485.58 199.19C481.43 195.03 475.79 191.81 470.87 188.65C456.55 179.48 442.17 171.96 426.29 165.9C413.03 160.85 399.06 157.45 385.04 155.25C380.55 154.55 375.96 154.55 371.48 153.85C367.64 153.25 363.23 153.83 359.34 153.83C347.74 153.83 336.5 154.42 325.22 156.19C319.8 157.03 314.58 158.75 309.22 159.82C296.55 162.36 283.92 167.23 272.28 172.92C212.99 201.87 169.73 254.57 157.19 319.68C150.73 353.24 153.9 387.1 163.27 419.57C166.29 430.02 171.03 440.26 175.88 449.97C176.85 451.9 181.47 459.31 180.95 460.65C128.58 460.65 76.22 460.65 23.85 460.65C16.23 460.1 8.93 456.06 4.46 449.8C2.96 447.7 1.35 441.47 0.08 440.46C0.08 317.49 0.08 194.51 0.08 71.54C1.35 70.53 2.96 64.3 4.46 62.2C8.93 55.93 16.23 51.9 23.85 51.35C41.28 51.2 58.72 51.05 76.16 50.9C77.63 49.02 76.68 43.47 76.68 40.91C76.68 32.73 75.92 24.04 78.17 16.22C79.75 10.77 83.95 6.31 88.68 3.35C90.57 2.16 95.91 1.19 96.79 0.08ZM511.92 346.48C511.92 354.27 511.92 362.06 511.92 369.86C509.98 373.57 510.85 379.38 510.04 383.56C508.29 392.66 505.59 401.34 503.03 410.21C501.89 414.16 499.82 418.01 498.06 421.61C482.85 452.75 459.99 479.31 428.45 495.08C416.05 501.28 402.39 506.47 388.71 509.11C384.76 509.87 372.87 510.51 370.32 511.92C362.37 511.92 354.43 511.92 346.48 511.92C344.09 510.59 332.15 509.75 328.49 509.18C319.16 507.72 306.71 503.93 298.17 499.76C251.23 476.83 220.43 442.44 208.16 391.04C204.24 374.61 203.56 355.97 206.19 339.21C211.33 306.42 220.7 287.06 240.12 260.46C246.01 252.37 254.75 244.53 262.77 238.68C275.68 229.26 289.62 218.73 305.18 214.24C313.64 211.8 321.84 208.94 330.43 207.23C337.03 205.91 343.83 205.85 350.47 204.81C357.61 203.7 366.4 204.63 373.38 205.72C379.28 206.64 385.18 206.99 391.04 208.16C411.41 212.23 431.63 221.8 448.39 234.04C470.67 250.3 495.33 279.89 503.03 306.59C505.59 315.46 508.29 324.14 510.04 333.24C510.82 337.26 509.96 342.94 511.92 346.48ZM333.01 278.16C333.01 306.08 333.01 334 333.01 361.92C332.86 364.17 333.91 366.7 334.7 368.77C338.53 378.81 347.52 383.32 357.74 383.96C375.2 383.93 392.65 383.9 410.1 383.87C424.51 384.08 435.32 372.75 435.32 358.4C435.32 346.84 426.12 332.12 412.89 333.01C403.38 332.83 393.87 332.65 384.36 332.47C384.2 315.62 384.04 298.77 383.87 281.92C384 268.99 376.1 258.29 363.06 256.25C351.13 254.38 339.06 259.9 334.7 271.34C333.91 273.4 332.85 275.94 333.01 278.16Z" fill="#ffffff" fill-rule="evenodd" stroke="#ffffff" stroke-width="0.25" stroke-linejoin="round"/>
<path d="M384.28 21.98C384.25 31.72 384.21 41.46 384.18 51.2C298.73 51.2 213.27 51.2 127.82 51.2C127.79 41.61 127.75 32.03 127.71 22.44C129.2 23.91 128.51 27.56 128.51 29.69C128.51 36.18 129.87 44.54 128.12 50.73C213.37 50.73 298.63 50.73 383.88 50.73C382.09 44.41 383.49 35.85 383.49 29.22C383.49 27.1 382.81 23.45 384.28 21.98ZM76.16 50.9C58.72 51.05 41.28 51.2 23.85 51.35C25.84 49.25 33.69 50.54 36.71 50.54C45.59 50.54 54.47 50.54 63.36 50.54C67.29 50.54 72.5 49.69 76.16 50.9ZM435.84 50.9C440.7 49.3 450.22 50.54 455.66 50.54C457.71 50.54 461.05 49.88 462.44 51.35C453.57 51.2 444.71 51.05 435.84 50.9ZM333.01 278.16C333.01 306.08 333.01 334 333.01 361.92C333.01 334 333.01 306.08 333.01 278.16ZM383.87 281.92C384.04 298.77 384.2 315.62 384.36 332.47C382.24 330.56 383.49 323.03 383.49 320.06C383.49 311.49 383.49 302.91 383.49 294.34C383.49 290.47 382.72 285.58 383.87 281.92ZM384.36 332.47C393.87 332.65 403.38 332.83 412.89 333.01C407.79 334.81 396.93 333.41 391.13 333.41C389.02 333.41 385.65 334.09 384.36 332.47ZM357.74 383.96C375.2 383.93 392.65 383.9 410.1 383.87C392.65 383.9 375.2 383.93 357.74 383.96ZM23.85 460.65C76.22 460.65 128.58 460.65 180.95 460.65C179.34 462.37 174.26 461.46 171.84 461.46C163.42 461.46 155 461.46 146.59 461.46C116.04 461.46 85.49 461.46 54.94 461.46C47.3 461.46 39.67 461.46 32.03 461.46C29.75 461.46 25.38 462.27 23.85 460.65Z" fill="#d5d5d5" fill-rule="evenodd" stroke="#d5d5d5" stroke-width="0.25" stroke-linejoin="round"/>
</svg>